### Best configuration map of Fuel Assemblies (FAs) in a 15 by 15 PWR
### 0 - non viable lot
### 1 - FA third round slot
### 2 - FA second round slot
### 1 - FA first round slot
### # - in the begining of the line - ignore line
#01 #02 #03 #04 #05 #06 #07 #08 #09 #10 #11 #12 #13 #14 #15 #16 #17
 0   0   0   0   1   1   1   1   1   1   1   1   1   0   0   0   0  #X01
 0   0   1   1   1   1   1   1   1   1   1   1   1   1   1   0   0  #X02
 0   1   1   1   1   1   1   1   1   1   1   1   1   1   1   1   0  #X03
 0   1   1   1   1   1   1   3   3   3   1   1   1   1   1   1   0  #X04
 1   1   1   1   1   1   3   3   3   3   3   1   1   1   1   1   1  #X05
 1   1   1   1   1   1   3   3   3   3   3   1   1   1   1   1   1  #X06
 1   1   1   1   1   3   3   3   3   3   3   3   1   1   1   1   1  #X07
 1   1   1   1   1   3   3   3   3   3   3   3   1   1   1   1   1  #X08
 1   1   1   1   1   3   3   3   3   3   3   3   1   1   1   1   1  #X09
 1   1   1   1   1   3   3   3   3   3   3   3   1   1   1   1   1  #X10
 1   1   1   1   1   3   3   3   3   3   3   3   1   1   1   1   1  #X11
 1   1   1   1   1   1   3   3   3   3   3   1   1   1   1   1   1  #X12
 1   1   1   1   1   1   3   3   3   3   3   1   1   1   1   1   1  #X13
 0   1   1   1   1   1   1   3   3   3   1   1   1   1   1   1   0  #X14
 0   1   1   1   1   1   1   1   1   1   1   1   1   1   1   1   0  #X15
 0   0   1   1   1   1   1   1   1   1   1   1   1   1   1   0   0  #X16
 0   0   0   0   1   1   1   1   1   1   1   1   1   0   0   0   0  #X17
